001200.jpg 152.0 1116.0 1024.0 1156.0 1016.0 1710.0 120.0 1702.0
002001.jpg 189.0 632.0 687.0 629.0 690.0 948.0 198.0 944.0
006403.jpg 680.0 1960.0 1388.0 1960.0 1392.0 2436.0 672.0 2420.0
003399.jpg 382.0 704.0 640.0 694.0 634.0 836.0 378.0 844.0
006119.jpg 352.0 515.0 548.0 502.0 559.0 630.0 360.0 644.0
003162.jpg 516.0 1688.0 1208.0 1740.0 1188.0 2200.0 464.0 2152.0
003719.jpg 511.0 395.0 920.0 424.0 907.0 707.0 486.0 626.0
010662.jpg 376.0 2064.0 1060.0 2068.0 1072.0 2468.0 392.0 2464.0
008869.jpg 684.0 2796.0 2440.0 2688.0 2520.0 3768.0 780.0 3876.0
002942.jpg 577.0 612.0 881.0 628.0 869.0 817.0 571.0 799.0
008434.jpg 648.0 2084.0 1820.0 2108.0 1820.0 2884.0 612.0 2840.0
006417.jpg 444.0 1308.0 960.0 1296.0 960.0 1640.0 444.0 1624.0
002803.jpg 1072.0 1928.0 1660.0 1932.0 1676.0 2304.0 1088.0 2288.0
007738.jpg 1760.0 2536.0 2784.0 2832.0 2648.0 3392.0 1648.0 3128.0
006291.jpg 632.0 476.0 896.0 482.0 887.0 655.0 624.0 656.0
011270.jpg 768.0 2536.0 1312.0 2536.0 1328.0 2912.0 784.0 2904.0
006304.jpg 168.0 608.0 672.0 614.0 662.0 910.0 180.0 936.0
011792.jpg 584.0 1600.0 1196.0 1620.0 1180.0 2012.0 552.0 2008.0
010689.jpg 196.0 740.0 518.0 778.0 498.0 964.0 182.0 924.0
005988.jpg 110.0 926.0 584.0 932.0 588.0 1236.0 108.0 1238.0
008126.jpg 438.0 766.0 750.0 765.0 749.0 955.0 440.0 950.0
007587.jpg 60.0 1432.0 1416.0 1512.0 1368.0 2392.0 12.0 2284.0
006585.jpg 342.0 257.0 551.0 261.0 552.0 392.0 341.0 393.0
006050.jpg 596.0 1100.0 1422.0 1044.0 1440.0 1544.0 636.0 1626.0
003427.jpg 236.0 996.0 732.0 1002.0 732.0 1272.0 244.0 1274.0
003720.jpg 412.0 1184.0 1500.0 1228.0 1440.0 1920.0 388.0 1876.0
005528.jpg 512.0 974.0 904.0 966.0 926.0 1228.0 522.0 1238.0
011745.jpg 912.0 2568.0 1696.0 2568.0 1664.0 3056.0 944.0 3072.0
004556.jpg 409.0 560.0 628.0 537.0 639.0 669.0 424.0 691.0
006783.jpg 175.5 270.0 495.5 277.0 492.5 476.0 172.5 469.5
010585.jpg 350.0 802.0 800.0 820.0 792.0 1102.0 356.0 1072.0
002515.jpg 160.0 1680.0 2408.0 1636.0 2404.0 3096.0 100.0 3128.0
006269.jpg 448.0 2244.0 1168.0 2220.0 1168.0 2652.0 472.0 2672.0
001152.jpg 672.0 2356.0 1752.0 2328.0 1748.0 2956.0 732.0 2968.0
006930.jpg 99.0 371.0 289.0 366.0 294.0 478.0 102.0 485.0
010293.jpg 824.0 1596.0 1356.0 1592.0 1368.0 1904.0 844.0 1928.0
003603.jpg 1094.0 754.0 1732.0 784.0 1710.0 1182.0 1076.0 1150.0
003368.jpg 484.0 1764.0 1192.0 1788.0 1156.0 2284.0 480.0 2244.0
008569.jpg 242.0 900.0 660.0 960.0 620.0 1264.0 184.0 1178.0
000491.jpg 992.0 2004.0 1560.0 1980.0 1560.0 2368.0 984.0 2372.0
001945.jpg 280.0 906.0 674.0 906.0 672.0 1148.0 290.0 1148.0
009865.jpg 800.0 2032.0 1912.0 1952.0 1896.0 2576.0 840.0 2552.0
011611.jpg 42.0 650.0 501.0 667.0 518.0 959.0 18.0 953.0
002789.jpg 490.0 504.0 1058.0 542.0 1038.0 940.0 456.0 902.0
002648.jpg 1528.0 2136.0 3048.0 2152.0 3012.0 3056.0 1532.0 3104.0
007109.jpg 1080.0 2368.0 1768.0 2296.0 1816.0 2736.0 1160.0 2800.0
002509.jpg 205.0 393.0 471.0 394.0 474.0 559.0 208.0 571.0
010229.jpg 306.0 868.0 810.0 888.0 790.0 1222.0 300.0 1176.0
011070.jpg 860.0 1404.0 1440.0 1380.0 1468.0 1736.0 880.0 1764.0
009855.jpg 720.0 2020.0 1312.0 2040.0 1304.0 2408.0 700.0 2404.0
005423.jpg 572.0 550.0 1017.0 552.0 1085.0 843.0 560.0 846.0
007079.jpg 821.0 376.0 1264.0 376.0 1254.0 657.0 813.0 665.0
004710.jpg 240.0 1284.0 1552.0 1268.0 1568.0 2080.0 256.0 2096.0
003458.jpg 232.0 858.0 784.0 848.0 776.0 1208.0 232.0 1228.0
001930.jpg 1736.0 1380.0 2264.0 1380.0 2268.0 1736.0 1748.0 1732.0
002469.jpg 156.0 870.0 720.0 868.0 728.0 1234.0 166.0 1228.0
001459.jpg 420.0 2464.0 1780.0 2404.0 1772.0 3228.0 440.0 3248.0
008622.jpg 748.0 1416.0 1524.0 1392.0 1536.0 1868.0 784.0 1912.0
010481.jpg 450.0 530.0 773.0 518.0 770.0 710.0 458.0 714.0
008005.jpg 363.0 627.0 767.0 629.0 754.0 868.0 357.0 876.0
006974.jpg 216.0 760.0 904.0 724.0 922.0 1204.0 202.0 1200.0
009993.jpg 592.0 1488.0 1864.0 1568.0 1800.0 2368.0 560.0 2256.0
009261.jpg 252.0 1352.0 1256.0 1352.0 1200.0 1932.0 248.0 1956.0
006976.jpg 304.0 2136.0 892.0 2088.0 920.0 2436.0 356.0 2488.0
002976.jpg 1644.0 1648.0 2612.0 1668.0 2612.0 2256.0 1628.0 2232.0
011976.jpg 1140.0 2372.0 1956.0 2360.0 1936.0 2836.0 1160.0 2848.0
010579.jpg 427.0 471.0 705.0 467.0 712.0 641.0 431.0 647.0
009457.jpg 536.0 2000.0 1824.0 2180.0 1708.0 2940.0 448.0 2744.0
010722.jpg 1060.0 1548.0 1584.0 1536.0 1588.0 1884.0 1060.0 1896.0
004802.jpg 1664.0 1282.0 2110.0 1258.0 2114.0 1520.0 1670.0 1548.0
008160.jpg 141.0 444.0 382.0 436.0 384.0 576.0 149.0 584.0
009283.jpg 1700.0 1744.0 2284.0 1772.0 2256.0 2112.0 1676.0 2068.0
005509.jpg 286.0 1066.0 1220.0 1098.0 1216.0 1738.0 250.0 1688.0
010846.jpg 181.0 238.0 476.5 236.5 471.0 421.0 181.5 418.5
008074.jpg 124.0 540.0 462.0 548.0 453.0 758.0 124.0 749.0
010826.jpg 1154.0 1136.0 1678.0 1140.0 1678.0 1462.0 1156.0 1458.0
009718.jpg 322.0 1334.0 924.0 1372.0 884.0 1746.0 284.0 1716.0
006549.jpg 266.0 618.0 530.0 620.0 544.0 786.0 276.0 786.0
009433.jpg 200.0 788.0 574.0 800.0 574.0 1042.0 198.0 1028.0
009635.jpg 234.0 379.0 412.0 378.0 412.0 493.0 234.0 494.0
001212.jpg 98.0 656.0 522.0 660.0 514.0 938.0 90.0 922.0
005677.jpg 335.0 372.0 775.0 380.0 760.0 645.0 335.0 642.0
003077.jpg 296.0 585.0 462.0 584.0 461.0 680.0 303.0 683.0
009790.jpg 116.0 580.0 686.0 588.0 692.0 946.0 94.0 944.0
010947.jpg 1200.0 1248.0 1896.0 1240.0 1852.0 1684.0 1184.0 1644.0
007243.jpg 408.0 3232.0 1560.0 3112.0 1616.0 3896.0 424.0 4000.0
007891.jpg 1208.0 1456.0 2072.0 1496.0 2004.0 2032.0 1164.0 2020.0
008714.jpg 1088.0 2224.0 1936.0 2216.0 1960.0 2768.0 1104.0 2784.0
005298.jpg 278.0 658.0 648.0 656.0 638.0 852.0 278.0 856.0
001543.jpg 412.0 324.0 912.0 336.0 916.0 664.0 420.0 640.0
010038.jpg 350.0 976.0 818.0 984.0 804.0 1230.0 368.0 1222.0
